3
40 -437 1878 -1827
420 971 1527 479
443 326 756 -811
2
-721 -266 549 -2261
-440 569 244 -1098
8
-2247 367 -446 -2175
-1210 -884 242 -2485
-2536 422 -302 -1160
-782 649 927 -2752
-1084 -631 1122 -2829
-2581 -646 836 -1348
-1577 -204 -511 -1273
-1362 -463 -387 -2717
12
-560 -232 233 -2227
-170 188 1048 -1517
814 201 1040 -1362
893 280 2045 -960
-343 -428 580 -2386
878 203 1257 -643
923 -297 1937 -1351
853 -115 2773 -1408
149 -913 2028 -2373
-268 657 1717 -1277
-522 706 1380 -69
448 -995 1494 -2650
0

