1000

338 139

142 146

400 220

205 115

368 322

998 425

675 837

24 363

264 136

89 729

265 918

160 726

4 920

158 820

717 708

50 350

304 898

160 203

456 882

248 713

800 291

3 251

420 886

187 176

189 950

869 53

575 671

876 427

851 889

591 384

424 121

822 710

555 25

316 743

60 692

102 415

536 549

206 926

949 302

242 630

774 694

736 211

432 200

342 868

747 443

266 511

801 246

302 185

389 815

487 117

366 507

333 981

825 18

692 499

353 267

51 357

592 180

777 907

156 714

183 749

866 921

712 754

35 380

459 796

28 716

525 750

800 180

702 227

337 935

303 234

808 978

93 733

594 568

735 557

822 813

345 444

208 412

688 41

229 807

437 629

146 797

578 34

183 296

151 729

822 807

576 947

299 100

191 400

385 840

904 798

685 571

44 993

671 320

247 264

265 2

606 331

565 630

431 441

93 852

817 655

884 545

199 70

135 790

715 594

258 913

956 145

773 518

616 727

442 624

158 621

560 615

209 798

124 862

555 107

914 233

715 657

838 815

783 235

28 336

615 452

656 52

149 761

934 692

129 717

481 96

926 111

401 351

910 801

842 150

322 190

829 577

85 358

105 834

233 4

825 572

790 61

796 261

17 315

84 272

225 133

812 135

416 539

897 418

170 473

203 759

985 513

952 810

861 371

540 96

797 538

559 476

431 338

728 170

1000 234

172 460

643 37

231 146

120 994

657 267

49 494

934 968

814 79

474 953

922 458

899 316

716 16

8 101

691 120

589 170

58 298

553 888

668 876

228 62

718 868

875 396

822 698

336 797

488 828

434 729

352 537

164 974

631 75

360 95

237 39

447 654

981 26

101 908

664 58

306 531

536 463

118 44

677 757

851 1000

780 107

663 811

678 699

516 65

37 352

971 43

659 574

917 852

638 864

189 915

677 591

663 344

236 988

561 393

942 851

586 310

480 324

207 965

694 465

48 51

140 914

373 443

798 240

887 206

917 96

708 671

148 800

896 76

946 111

867 190

857 81

376 248

165 504

95 554

178 490

627 107

879 991

422 196

192 335

634 624

637 985

430 603

877 78

25 65

515 855

540 507

372 513

218 40

389 829

227 264

471 800

659 686

318 649

265 294

903 661

279 431

390 13

399 699

586 296

347 875

514 361

826 748

47 777

193 909

774 286

471 289

361 978

427 257

129 682

432 691

583 933

741 828

208 253

752 525

719 419

245 581

538 6

599 636

400 813

134 793

923 6

120 894

670 575

157 443

100 55

587 317

326 506

144 472

385 248

975 427

603 713

78 22

599 714

839 718

776 916

773 590

845 880

970 230

833 53

343 48

25 401

85 446

815 170

252 607

331 919

710 149

787 470

797 863

82 222

848 630

497 89

116 124

270 637

816 5

188 105

673 296

837 778

936 170

626 515

984 900

63 94

706 9

507 380

512 454

281 907

435 954

617 724

714 487

177 768

787 716

837 126

833 746

983 805

345 500

486 133

517 201

620 214

934 366

198 792

730 938

323077127 499769467

268090919 261358479

24499151 578899334

341495115 815450633

925404522 241807038

833219212 364443388

139538003 336737346

778897738 80906142

290402263 207685875

722339401 518414585

476079566 170842705

777819116 213531032

308733002 912470822

531984716 623240390

79831225 961211425

522428379 235749508

935173802 318306965

593418372 607000796

903172958 685967015

735928487 644126991

600696168 957054266

341038099 14545880

254463954 140084374

704111798 243542470

29934733 65076876

923275028 922663746

824818185 739864913

673230372 288186143

25458249 933675213

878814186 70798561

667188735 447856515

555282069 887858916

187065562 772580218

185742854 896276157

316581950 290394850

561305589 837751468

999238986 851011421

56086347 855378433

609933113 199630428

106924860 718337884

749853473 122192011

241990254 60712728

920328357 716303391

861400731 458318040

148263813 775214745

360642809 565610450

639597658 144219778

618107599 992711195

224534225 990194598

946908934 884493964

954240773 206152947

626508809 455586419

193746871 832629865

535609525 393529547

631910568 634571470

933802693 339365931

772317401 165893225

470374814 191465543

359349775 47600939

778975241 234090478

702446647 35264962

689826635 240376706

220640372 192100030

833222875 675852695

206551083 946417390

741813208 397041042

954847946 912307576

566740935 631096771

22430570 410730791

383154513 709813385

338998157 668151423

205915627 597951752

327213891 314092887

483888350 233832104

276171149 880982269

337875548 187646825

991772832 893427104

994215615 802793598

336800001 291335894

667042625 255507923

509988468 52176876

10776503 928422283

215651407 74949298

318862091 670175041

164749705 153515597

805121384 595060696

325676942 712848925

149036891 64928910

992087533 758637696

34268785 966250575

730710749 475428328

240156717 343509936

949202570 557291716

625411367 993721712

266263177 336609989

487200940 705456129

70698793 597025728

158017942 838618735

603255961 233544675

529773260 307289234

475282522 862702639

594670444 591976696

370227810 370824897

667756853 878836873

998958463 338378200

862106565 135802179

306046420 119374965

401623295 992293172

3380190 849002008

814268770 228058307

993666979 110260910

169602621 87401439

407686059 578471729

857444497 885283174

299816270 954858258

267568275 202897382

838778909 847390971

216220006 380779888

391221326 268677197

979900120 29018336

849718854 482422267

926394643 307896275

443007930 627442517

710865466 541775227

711325557 371109996

329946251 848153709

2859706 113467521

853820625 987729447

885789853 557757194

273526627 146136959

387344915 468048883

93919048 119245012

743179857 684147321

631942483 594343788

508839542 118332665

508050498 894608729

900436574 701703360

687266622 976967964

467316690 463314271

692597622 456603285

38771078 36760931

778567569 749132721

854581101 387304112

184670214 107229621

886068251 424178630

750942433 157036410

161124727 931391035

112006513 769297523

546791469 622861672

934259204 273887534

291132948 838059405

853115014 259267323

641572176 336347377

388803077 541680406

918283563 721342928

415653448 894959886

956557686 927255505

696684165 141697111

823588089 753213535

908631771 53681553

189587165 559264037

835343431 432519809

441641447 624746724

781440624 202553789

237698569 744820497

448201110 443950538

337489755 234958563

652036229 781390938

301569677 502673227

21752922 695389627

724783396 398817679

927548961 723490439

827989249 384714014

277355116 535184825

521756336 543010461

855005196 73072017

27239691 883940400

164023740 658476684

40656018 123508588

260527000 99515326

67010146 948000731

822016586 21227893

145561768 70970880

101308344 340596288

384627586 668529453

987344837 861883107

558420614 141493564

978231214 586814765

439761340 271693413

426939253 151765755

323067813 900156098

523154840 742731423

755330806 500890528

537009433 717079583

147227276 252890564

597451351 776580426

709557275 330599119

54343581 311119869

582633780 637338787

834164785 40026083

319905626 574973314

886057897 560155298

362850439 592246420

425078840 523552809

450584546 489529713

234448294 141979473

451073058 499414728

772451278 139887794

470335116 214087416

158212093 498142669

105213136 142373069

785292084 156694164

547486145 845788265

626570893 136519830

269474372 375777359

816780015 153469073

608588160 342502642

733000256 875151138

116418129 929497522

527245275 676442549

173789470 821287274

3913071 870271112

851451347 54688874

675593297 44159338

546713928 230729929

739004246 976617349

38726534 675303636

387390409 640250318

419483690 800790769

419581106 850486477

667124775 716630709

841584283 694833538

854580621 109811795

395657257 968481280

43540392 226330101

304574089 689905012

941457493 828690406

36018223 630267388

91353349 272975147

577763459 280504406

865991234 977224516

880791846 64061394

835629627 424051861

328112815 249231820

569195310 720473915

26172743 841143965

224990865 900043828

707674768 396415796

680552494 313210971

876442235 782391863

741428270 692737712

317498990 741901465

981646170 468753635

148975962 387038070

917881252 800087186

725849750 53956751

771356548 106397121

976884024 215051574

710891 22121821

195625643 360810745

966143124 688533490

931474270 987363329

885099475 943834153

3979089 909808570

349287988 761394423

527418353 984198419

428632393 284430527

257411183 452453143

999149501 725470053

123276738 283624815

592765930 312290023

735626022 578485603

650639081 158808479

167643086 141283268

186912703 370064342

542441014 377736210

609440183 375920785

343959680 567008486

290224661 652568169

25410411 374597154

949886713 135663007

320677067 657672438

794366068 906721827

555282690 860951384

710710320 564796079

66007940 253653751

90618498 302514674

875127190 193494846

510978558 767105517

343368820 585366146

933660353 980640089

858004751 466393167

67823617 692434140

52438342 5405383

897866648 299202784

319234116 105699743

804351238 316009743

582881375 807458045

575442774 787421582

349404767 161072694

771846028 749300968

158912215 516219611

633851338 757880102

419608955 476686342

830632050 882049595

140555717 525853685

758476781 257264404

628731850 254448853

401974085 286307725

664343857 347197106

458371926 616287325

555361360 295306068

822606344 314128560

754434804 641345851

909820347 61032820

509016383 849978782

382299786 581938747

616036004 795108371

201543220 609903132

612085399 334204915

220062217 134943654

286731063 884301869

127399759 60021797

766855403 180142332

943640935 875609384

73043549 492025372

196543788 210404408

619648678 298117002

771346426 214807535

787839992 114521618

436162146 558843981

663503968 776298909

90953452 76806228

38510462 660308508

32410146 598961639

125689730 503172524

523253878 196380340

611065277 589138540

636670899 683947957

881049600 861753828

215758570 714293814

619803309 39774640

489602085 94157119

633865018 96669556

362642751 913684379

429375233 883878748

141633990 498761699

785308320 425013293

608040585 985707248

663962641 949130779

886395966 453703670

5966883 836815105

83826791 172012123

122839868 690983655

143494820 526829496

767931550 546545746

222214784 371641487

225849097 460445502

648091274 115470027

732532296 215207142

845831327 281987099

310341098 768605370

615103632 511402120

492774840 455650208

416175626 727967492

321224060 367448444

797186037 91549608

383190658 165414827

330897360 576431318

821013771 119575618

731697178 605109202

769632564 260705558

693273855 565557295

205694288 660379796

264502874 697535860

633526392 585587387

671447554 456264536

725138762 407682187

310866639 618839759

319584561 765522549

241081845 996694187

677590095 990320666

434585314 751863652

275653965 723787785

138573151 271456449

772754128 998881510

428546498 161675911

323654681 190678658

151590612 736990807

215287468 256763791

355406823 430335175

539108503 973142583

969376792 824564247

658910188 668271858

884812996 497887608

434316127 717322639

824732196 931445519

28024044 679919216

712683853 38883481

153554266 163699634

344868828 266071532

768562668 125001499

875028260 657605444

361266511 958037629

822902081 816790058

601088544 310696452

715100124 97895055

685749984 991411897

280164828 426074132

881059451 134927433

165693859 464716939

483096398 306954833

277633847 103466867

26426885 710336312

920293653 252252116

576763817 22104807

528236798 830127278

114397225 626121564

719473586 510723511

895668676 272707382

426762764 334338779

377494880 785139853

804957562 800051284

2579609 205859178

587421715 745374601

153483577 857746748

870350966 951069371

899423840 233832846

358213602 590780297

439981097 315275021

41789660 20863677

742582586 655467380

76935073 296438000

13998356 64398789

343524758 707523472

693876977 556252262

965250106 207440988

366014641 917720027

608171303 110416136

915134970 223286709

163739357 464985944

212642382 724734652

50019035 488352644

942059143 384000494

761374769 668612821

488995534 466265423

521706094 640612522

363317664 352399424

736777256 101390819

325881198 286896370

45531344 216291948

245304646 127671652

987833093 294193167

163424603 998295643

482769552 278442721

385323607 247807493

825972460 660784399

941672326 108178337

472562936 686809930

433362139 637845217

210086989 886556186

803455026 432530397

469800654 8158930

988992133 230297465

251509500 49585242

91747326 805136975

738539754 785103426

974516393 389490604

128815219 417873325

573900830 267009047

706504572 39647889

520122651 122182551

176913659 628752281

728507140 600075890

11208821 554264681

722548834 945691321

636513604 41269005

462370360 232198710

708053592 181948348

55209659 406265091

394749755 613992114

631280278 301334178

70786142 177301907

869915471 495732216

727942116 877056978

949810632 190844620

757015477 228493667

834676547 820350966

387330424 464873290

244761098 16089424

532868673 556337507

363320725 429007868

984188346 108564805

577179232 999413139

272715118 726759418

730064840 10959834

28060114 561404869

386508676 959555173

277137476 312281015

539958046 65308865

194838452 600895084

304654178 321828286

430302574 968290779

50890169 986512487

609859407 327773166

831895371 531467515

542721470 531939387

699047927 516044872

121269604 659159724

93309277 837573895

32094726 344915056

569357940 112148080

141454847 849386784

517684189 44185146

70260422 728042711

550873499 599648574

969216661 642527692

346949615 597263302

877862928 543401873

183936398 488560969

869328722 30770101

497704676 105423556

295673142 56929534

463933151 639076697

38842031 468833601

977372853 945888678

557128189 41000724

548526211 261731872

390685201 424291379

664836492 346135670

966403303 502366416

841404249 73575721

719913473 910001174

893904947 946677586

795107866 28054990

680142713 86213821

843377911 990109097

762386256 390689947

997794475 482792581

795593248 670816649

596493374 908011237

997211693 634227341

267084303 550446570

52835025 168291410

355884518 103452599

872721393 670384098

709753456 934899323

811909583 811550406

655984239 580135908

680685146 611569359

975126713 191077538

283081913 358197361

342438019 430763187

1733637 560683947

192793961 538547342

499946653 89140466

100027709 21521974

46720610 751206219

296501322 687187051

768440217 459502067

20848575 515797717

336658893 817238975

434939947 892594623

658162008 315742562

354818462 197381216

942990607 403492897

406365389 850981764

61146072 116036048

15533525 175595588

869598100 679960447

271933940 182064552

486587176 110858980

779364566 678137008

47511696 343072665

647884792 539667039

331552745 484955943

501690530 702514649

570060283 998256847

85677552 565001228

691686758 889230063

357383819 671292645

512864201 267068541

660381318 905303462

282333454 528169701

82439421 436187548

12839680 2451032

982218552 945023738

647147525 377665280

790229683 352201262

443467188 598958227

916421942 481308662

270291862 984019325

102576513 556733432

548149599 856637786

919380278 585467386

210446876 526033715

118553023 228349979

85841151 956660511

109119379 411081645

488700963 141233927

343062418 278480290

404098396 841015481

710783610 768854269

594904551 623587987

48839072 346000766

950239601 857798371

107232430 833438649

464362907 134250976

871906067 27274301

307696659 198533075

86824792 683051718

768133457 782368892

498008943 812419703

147038051 453209993

310851084 96042422

195635315 243588304

585391052 235035024

64292207 126422997

205626223 839964057

44600153 308154607

827494456 507024031

385335832 954824668

614115045 568741119

467214876 842719489

276159956 896587377

689205325 999925237

754611567 391288444

992973875 251384135

981252073 455169314

954008819 934788876

628460873 919175922

523542079 68950203

404731446 582260406

523146252 476665853

936096156 436984468

618237938 405149457

23159612 700590864

942754503 610906345

200571158 418694908

297085547 711464216

86870964 954069543

989135045 146840909

742976457 230037736

58327453 107916235

816749155 521747420

721950331 861402911

668137780 502681141

227044148 663763742

671521516 565096962

192793541 390029174

458172862 598163977

141195652 628278277

282912794 306978520

437846978 944552229

232485073 953683617

46659574 506743048

193938011 381144916

610060662 433452416

622566005 213535336

684187892 794443406

14429650 813359186

421024226 942867710

796110578 157022085

725784087 327140413

220081808 844922011

76122478 784081814

762263570 710486424

