18
12
20
14
19
31
28
19
16
27
30
26
30
28
-1
18
29
14
29
26
28
15
29
-1
30
29
25
29
-1
24
20
28
23
27
26
20
-1
30
30
25
27
27
20
29
27
22
28
17
28
22
22
31
28
26
18
18
24
30
26
27
30
27
19
28
26
27
28
26
30
17
31
27
24
27
-1
21
20
26
28
25
28
24
17
27
-1
30
17
20
28
30
26
31
25
16
16
24
25
21
29
28
29
14
28
26
30
30
27
26
24
24
24
28
29
23
30
26
-1
27
18
24
25
27
30
26
21
30
20
30
29
17
28
18
28
15
28
28
28
17
16
15
28
23
29
21
27
31
30
29
23
28
23
20
26
31
21
25
15
31
25
22
31
28
30
30
29
26
10
26
24
17
29
29
15
29
29
28
28
28
27
23
31
25
18
15
25
31
30
25
23
23
10
27
31
27
28
-1
22
18
31
25
30
29
30
26
25
31
23
30
24
21
31
26
7
30
21
28
29
30
26
28
29
30
29
29
19
22
23
22
25
31
20
18
25
31
24
29
8
29
23
22
14
28
16
28
26
25
17
30
20
19
26
24
29
22
28
27
30
27
21
31
20
26
26
30
28
15
27
26
24
23
25
28
28
30
29
25
21
10
24
22
21
19
31
26
8
26
28
30
27
-1
31
28
18
20
21
28
24
30
26
28
29
14
29
22
11
25
28
13
25
28
30
25
31
9
26
22
22
30
30
26
26
27
28
28
28
31
22
22
22
24
30
28
30
-1
-1
-2
-1
-1
-1
-1
-2
-1
-1
-1
-1
-1
-1
-2
-1
-1
-1
-1
-1
-1
-2
-1
-1
8067
-1
-1
-1
-2
-2
-1
-1
-1
-1
-1
-1
-1
-2
-1
-1
-1
-2
-1
-1
-1
-1
-1
-1
-1
-1
-1
-1
-1
-1
-1
-1
-1
-1
-2
-1
-2
-1
-1
-1
-1
-1
-1
-1
-2
-1
-1
-1
-1
-1
-1
-1
-1
-1
-1
-1
-2
-2
-2
-1
-1
-1
-1
-2
-1
-2
-1
-1
-1
-1
-1
-1
-2
-1
-1
-1
-1
-1
-1
-1
-1
-1
-1
-1
-2
-1
-1
-2
-1
-1
-1
-1
-1
-1
-1
-2
-1
-1
-1
-1
-1
-1
-2
-1
-1
-1
-1
-2
-1
-1
-1
-1
-1
-1
-1
-1
6226
-1
-1
-1
-1
-1
-1
-1
-1
-1
-1
-1
-1
-1
-1
-1
-1
-1
-1
-2
-1
-1
-1
-1
-1
-1
-1
-1
-1
-2
-1
-1
-1
-1
-1
-2
-2
-1
-2
-2
-2
-2
-2
-1
-1
-1
-1
-1
-1
-1
-1
-1
-1
-1
-1
-1
-1
-2
-1
-2
-1
-1
-1
-1
-1
-1
-1
-1
-1
-1
-1
-1
-1
-1
-1
-1
-1
-1
-1
-1
-1
-2
-2
-2
-1
-1
-2
-1
-1
-1
-1
-1
-1
-1
-2
-1
-1
-2
-2
-1
-1
-2
-1
-1
-1
-2
-1
-1
-1
-1
-1
-1
-1
-1
-1
-2
-1
-1
4703
-1
-1
-1
-1
-2
-1
-1
-1
-1
-1
-1
-1
-1
-1
-1
-1
-1
-1
-1
-1
-2
-1
-1
-1
-1
-1
-2
-2
-1
-1
-1
-1
-1
-2
7241
-1
-1
-1
-1
-1
-1
-1
-1
-1
-1
-1
-1
-1
-1
-1
-1
-1
-1
-1
-1
-2
-1
-1
-1
-1
-1
-1
-1
-2
-1
-1
-2
-1
-1
-1
-1
-1
-1
9536
-2
-2
-1
-1
-1
-1
-1
-1
-2
-2
-2
-1
-1
-1
-1
-1
-1
-1
-2
-2
-1
-1
-1
-1
-1
-1
-1
-1
-1
-1
-1
-1
-1
-2
-1
-1
-1
-1
-1
-1
-1
-1
-1
-1
-1
-1
-1
-1
-1
-1
-1
-1
-1
-1
-1
-1
-1
-1
-1
-1
-1
-1
-1
-1
-2
-2
-1
-1
-1
-1
-1
-1
-1
-2
-1
-1
-1
-1
-1
-1
-2
-1
-2
-1
-1
-1
-1
-1
-1
-1
-2
-1
-1
-1
-1
-1
-1
6464
-1
-2
8024
-1
-1
-1
-1
-1
-1
-1
-1
-2
-1
-1
-1
-1
-1
-1
-1
-2
-1
-1
-1
-1
-1
-1
-1
-1
-1
-1
-1
-2
-1
-2
-2
-1
-1
-1
-1
-2
-1
-1
-1
-2
-1
-2
-1
-1
-2
-1
-1
-2
-1
-1
-1
-1
-1
-1
-2
-1
-1
-1
-1
-1
-2
-2
-1
-1
-2
-1
-1
-1
-2
-1
-1
-1
-1
-1
-2
-2
-1
-1
-2
-2
-1
-1
-1
-1
-1
-2
-1
-2
-1
-2
-1
-2
-1
-1
-1
-1
-2
-1
-1
-2
-2
-1
-1
-1
-1
-1
-1
-1
-2
-1
-1
-1
-1
-1
-1
-1
-1
-1
-2
-1
-2
-2
-2
-1
-1
-2
-1
-1
-1
-1
-1
-1
-2
-2
-1
-1
-1
-1
-2
-1
-1
-1
-1
-2
-1
-1
-1
-1
-1
-2
3583
-1
-1
-1
-1
-1
-1
-1
-1
-1
-1
-1
-2
-1
-1
-1
-1
-1
-1
-2
-1
-1
-1
-2
-1
-2
-1
-1
-1
-2
-1
-1
-2
-1
-2
-1
-1
-1
-1
-1
-1
-1
-1
-1
-1
-1
-2
-1
-1
-1
-1
-2
-1
-1
-1
-2
-1
-1
-2
-1
-1
-1
-1
-1
-1
-1
-1
-1
-1
-1
-2
-1
-1
-1
-1
-2
-1
-1
-1
-1
-2
-1
