28
-1592 2088 1160 -384
-1163 1562 212 -42
-778 638 560 -955
-1667 2308 -15 -895
-2254 821 95 -1174
-1848 2145 224 177
-2049 2536 -231 -1176
-562 2093 946 -645
-867 2103 42 -623
-716 1242 826 497
-1690 806 -258 405
-1877 2031 -398 -112
-784 1997 1418 -1121
-1056 1476 645 -655
-1632 1062 -94 502
-2276 1416 18 633
-605 2562 1408 -546
-1085 699 479 -1157
-939 1156 -348 183
-2473 1780 -204 -477
-2276 1252 526 -277
-2348 2476 -132 -740
-996 2270 1365 -542
-716 2144 1239 617
-1182 2480 -524 624
-2278 1635 1179 -707
-677 1087 -248 36
-2263 1195 382 -1291
0
